_  test excitation /V : 1.000000E-1, average : 5, Frequency /Hz, Z_r, Z_im, cycle :   0
1.300000E+7	4.756323E+1	-5.934302E+0
1.207000E+7	4.772266E+1	-5.900066E+0
1.120653E+7	4.794155E+1	-5.840497E+0
1.040484E+7	4.818386E+1	-5.752277E+0
9.660490E+6	4.844288E+1	-5.639186E+0
...
9.054373E+0	5.245194E+1	-7.689698E-2
8.406638E+0	5.233193E+1	-8.402782E-2
7.805240E+0	5.222992E+1	-9.297969E-2
7.246866E+0	5.207585E+1	-1.236073E-1
6.728437E+0	5.197980E+1	-1.451523E-1
6.247096E+0	5.183173E+1	-1.664498E-1
5.800188E+0	5.166963E+1	-1.947867E-1
5.385252E+0	5.149148E+1	-2.318602E-1
5.000000E+0	5.129320E+1	-2.864721E-1
_  test excitation /V : 1.000000E-1, average : 5, Frequency /Hz, Z_r, Z_im, cycle :   1
1.300000E+7	4.750336E+1	-5.913361E+0
1.207000E+7	4.767783E+1	-5.887765E+0
1.120653E+7	4.788957E+1	-5.820594E+0
1.040484E+7	4.813005E+1	-5.730519E+0
9.660490E+6	4.839420E+1	-5.624959E+0
...
6.247096E+0	5.166174E+1	-1.641005E-1
5.800188E+0	5.151965E+1	-1.888262E-1
5.385252E+0	5.133749E+1	-2.293747E-1
5.000000E+0	5.112920E+1	-2.855562E-1
_  test excitation /V : 1.000000E-1, average : 5, Frequency /Hz, Z_r, Z_im, cycle :   2
1.300000E+7	4.739667E+1	-5.879920E+0
1.207000E+7	4.758166E+1	-5.850597E+0
1.120653E+7	4.779034E+1	-5.791606E+0
1.040484E+7	4.803275E+1	-5.701930E+0
9.660490E+6	4.829581E+1	-5.587896E+0
8.969394E+6	4.856355E+1	-5.464323E+0
8.327738E+6	4.885148E+1	-5.317207E+0
7.731985E+6	4.912939E+1	-5.163596E+0
7.178852E+6	4.939050E+1	-4.990671E+0
